          TexCoordArray 0 Vec2Array 3084
          {
            0.283691 0.568115
            0.2771 0.547852
            0.275635 0.540771
            0.258545 0.529541
            0.2771 0.547852
            0.267578 0.626709
            0.275879 0.568359
            0.283691 0.568115
            0.259766 0.534912
            0.240601 0.547119
            0.241211 0.533936
            0.241089 0.490234
            0.199707 0.459473
            0.235962 0.43457
            0.306885 0.626953
            0.331543 0.622803
            0.329346 0.648193
            0.304443 0.652344
            0.281982 0.628906
            0.275879 0.662354
            0.27002 0.641602
            0.262207 0.638672
            0.242554 0.61792
            0.257812 0.560303
            0.245728 0.553955
            0.209961 0.569824
            0.2052 0.52124
            0.163086 0.459961
            0.186646 0.593506
            0.177979 0.580811
            0.171143 0.522461
            0.140137 0.529053
            0.149048 0.581543
            0.157593 0.596436
            0.157837 0.615967
            0.167358 0.626709
            0.189941 0.602539
            0.210449 0.605713
            0.21936 0.577637
            0.129517 0.476074
            0.0692139 0.539307
            0.0535889 0.478027
            0.0935059 0.484863
            0.107483 0.53418
            0.121399 0.441406
            0.155273 0.428711
            0.0866089 0.450195
            0.0480957 0.45166
            0.0447083 0.482422
            0.0606079 0.541016
            0.0731812 0.587402
            0.0847778 0.581787
            0.119995 0.578613
            0.12207 0.598389
            0.120911 0.616211
            0.0396118 0.441895
            0.0441895 0.424316
            0.0780029 0.414551
            0.112183 0.408203
            0.14856 0.399902
            0.109192 0.36084
            0.144653 0.353516
            0.112976 0.311523
            0.145752 0.303711
            0.117004 0.286133
            0.14563 0.274414
            0.105896 0.265137
            0.145386 0.266113
            0.12915 0.231934
            0.151978 0.240723
            0.174561 0.24707
            0.0481873 0.383789
            0.0880737 0.295898
            0.0787964 0.32959
            0.0740967 0.37207
            0.058197 0.347656
            0.0692749 0.324219
            0.180664 0.303711
            0.166016 0.330566
            0.162598 0.351074
            0.169067 0.393555
            0.189453 0.401367
            0.186157 0.395996
            0.198364 0.393555
            0.222656 0.35791
            0.203125 0.355469
            0.199341 0.333008
            0.228394 0.400879
            0.193359 0.42334
            0.262451 0.365234
            0.217407 0.308594
            0.184448 0.325195
            0.172485 0.334961
            0.169312 0.350586
            0.174438 0.388672
            0.182495 0.390137
            0.188965 0.389648
            0.197021 0.357422
            0.194092 0.339844
            0.256104 0.327637
            0.18335 0.334473
            0.175049 0.269531
            0.203613 0.270996
            0.22583 0.276855
            0.257812 0.297852
            0.287354 0.317383
            0.198486 0.25293
            0.224854 0.257812
            0.259521 0.282227
            0.291504 0.303223
            0.309814 0.30957
            0.321045 0.309082
            0.250244 0.259277
            0.192383 0.227539
            0.209961 0.225098
            0.231323 0.219727
            0.246582 0.24707
            0.260986 0.246094
            0.268066 0.257812
            0.280029 0.273926
            0.293213 0.293945
            0.321045 0.309082
            0.321045 0.309082
            0.330078 0.312012
            0.299316 0.292969
            0.293213 0.293945
            0.373535 0.317383
            0.374268 0.321289
            0.350586 0.318848
            0.349365 0.31543
            0.331543 0.313477
            0.330078 0.312012
            0.318359 0.333984
            0.291504 0.34668
            0.298096 0.374023
            0.267334 0.40332
            0.320312 0.355469
            0.326416 0.380371
            0.308105 0.567383
            0.28125 0.501953
            0.272705 0.525635
            0.27417 0.500732
            0.271973 0.44873
            0.304199 0.408203
            0.330566 0.410645
            0.333252 0.397461
            0.332031 0.355957
            0.33252 0.342285
            0.337646 0.340332
            0.338623 0.458008
            0.333984 0.460938
            0.307129 0.45166
            0.307861 0.502441
            0.335449 0.503174
            0.33374 0.567383
            0.340088 0.490723
            0.351807 0.363281
            0.348389 0.401855
            0.345215 0.458008
            0.34375 0.492188
            0.346191 0.520508
            0.34668 0.56958
            0.343506 0.620605
            0.356934 0.450684
            0.367188 0.402832
            0.373535 0.413574
            0.369141 0.445801
            0.375244 0.567383
            0.388672 0.589355
            0.359375 0.517822
            0.356445 0.490723
            0.368896 0.493164
            0.399658 0.486816
            0.398926 0.52124
            0.419922 0.510498
            0.411621 0.548828
            0.418945 0.540527
            0.40918 0.582275
            0.4375 0.541504
            0.429199 0.572754
            0.458496 0.555664
            0.444336 0.58252
            0.427734 0.477051
            0.416016 0.591797
            0.462891 0.589844
            0.460693 0.606689
            0.435791 0.599121
            0.39209 0.561523
            0.374756 0.5271
            0.403809 0.55542
            0.4375 0.474609
            0.438477 0.499512
            0.442383 0.514893
            0.470947 0.532471
            0.497559 0.543213
            0.480713 0.566406
            0.510742 0.566406
            0.487061 0.585449
            0.515137 0.518555
            0.483154 0.626709
            0.494873 0.633301
            0.483398 0.647705
            0.490479 0.621826
            0.47876 0.61792
            0.508301 0.57959
            0.552246 0.533691
            0.54541 0.516113
            0.543457 0.512451
            0.524414 0.47168
            0.555176 0.473633
            0.558105 0.449219
            0.587891 0.475586
            0.599121 0.436523
            0.55957 0.416992
            0.598633 0.400391
            0.518555 0.584229
            0.574219 0.496094
            0.47583 0.337891
            0.515625 0.325195
            0.519531 0.379883
            0.554688 0.325684
            0.558105 0.377441
            0.523438 0.42334
            0.524902 0.45459
            0.554688 0.306641
            0.479004 0.385742
            0.439453 0.385254
            0.595215 0.375488
            0.590332 0.345703
            0.581543 0.316406
            0.575195 0.27832
            0.549805 0.284668
            0.513672 0.286621
            0.474365 0.318359
            0.445312 0.334473
            0.411377 0.350586
            0.407715 0.384277
            0.378662 0.369141
            0.378906 0.385254
            0.470459 0.294434
            0.449463 0.316895
            0.40332 0.319336
            0.388428 0.313965
            0.408936 0.306152
            0.434814 0.296875
            0.439941 0.307129
            0.44751 0.302734
            0.464355 0.290527
            0.481201 0.27832
            0.496338 0.272461
            0.530762 0.274902
            0.462646 0.496094
            0.449463 0.475586
            0.442627 0.449219
            0.432617 0.447754
            0.401611 0.445312
            0.404297 0.413086
            0.485596 0.456055
            0.437988 0.42041
            0.483643 0.42627
            0.48584 0.471191
            0.47998 0.512695
            1.58594 0.199219
            1.58691 0.21582
            1.55957 0.238281
            1.58887 0.231934
            1.5293 0.262207
            1.50879 0.257324
            1.51367 0.23877
            1.5332 0.23877
            1.55566 0.26709
            1.58105 0.271973
            1.61621 0.226074
            1.60645 0.199219
            1.61914 0.172852
            1.58887 0.177734
            1.59668 0.150391
            1.63184 0.149414
            1.61133 0.129395
            1.63086 0.125977
            1.61035 0.120605
            1.63379 0.109863
            1.65527 0.141113
            1.64648 0.131348
            1.65039 0.168457
            1.64941 0.197754
            1.65039 0.224609
            1.64941 0.239258
            1.68848 0.233887
            1.67773 0.251465
            1.67383 0.142578
            1.67773 0.155762
            1.68164 0.178223
            1.68555 0.206055
            1.71191 0.178223
            1.6543 0.110352
            1.67676 0.117676
            1.69531 0.124023
            1.70312 0.157715
            1.74023 0.17334
            1.73145 0.15332
            1.74707 0.145996
            1.71777 0.117676
            1.73438 0.110352
            1.77051 0.133789
            1.75586 0.166504
            1.65723 0.326172
            1.68457 0.308105
            1.69238 0.352539
            1.67871 0.270996
            1.70508 0.26709
            1.71777 0.246582
            1.73242 0.229492
            1.72266 0.203613
            1.74902 0.197266
            1.76562 0.189941
            1.78027 0.149902
            1.80078 0.11084
            1.76465 0.0966797
            1.81152 0.124023
            1.75 0.255859
            1.75879 0.220215
            1.85547 0.105957
            1.88379 0.0996094
            1.88672 0.130371
            1.84961 0.150879
            1.82227 0.137207
            1.81445 0.178223
            1.79004 0.16748
            1.7998 0.188965
            1.77539 0.211914
            1.76953 0.242188
            1.75098 0.256348
            1.74609 0.280273
            1.71191 0.286133
            1.72266 0.317871
            1.84082 0.097168
            1.85352 0.175293
            1.75879 0.315918
            1.72754 0.365723
            1.76367 0.286621
            1.77246 0.307129
            1.90625 0.238281
            1.87988 0.251953
            1.86523 0.210938
            1.83496 0.228516
            1.82031 0.194336
            1.79883 0.205566
            1.78125 0.228027
            1.78125 0.266113
            1.76953 0.275391
            1.78516 0.302246
            1.78613 0.342285
            1.80078 0.255859
            1.79102 0.260742
            1.7959 0.290527
            1.79883 0.330078
            1.8125 0.36084
            1.7959 0.374023
            1.82715 0.386719
            1.84863 0.375
            1.84766 0.414551
            1.84277 0.418945
            1.85938 0.441895
            1.77246 0.387695
            1.7666 0.353027
            1.7334 0.394043
            1.74023 0.422852
            1.77832 0.421387
            1.80469 0.403809
            1.83691 0.424805
            1.85059 0.451172
            1.87598 0.474121
            1.85938 0.48291
            1.86816 0.51416
            1.81445 0.438965
            1.7832 0.457031
            1.84375 0.458008
            1.69922 0.394531
            1.70312 0.421387
            1.70898 0.447754
            1.74805 0.44873
            1.75977 0.465332
            1.76855 0.475098
            1.79102 0.485352
            1.82324 0.471191
            1.84863 0.48877
            1.71582 0.47168
            1.77734 0.492188
            1.83301 0.499512
            1.85449 0.526611
            1.74121 0.611084
            1.71484 0.568115
            1.71973 0.564209
            1.68457 0.530518
            1.69629 0.529053
            1.67676 0.499023
            1.70215 0.526611
            1.69141 0.508789
            1.72559 0.494629
            1.68164 0.487305
            1.6748 0.463867
            1.66992 0.438477
            1.66699 0.412109
            1.66309 0.375977
            1.73438 0.51709
            1.71777 0.547119
            1.72266 0.562012
            1.73438 0.557861
            1.66504 0.455566
            1.6582 0.397461
            1.64453 0.328125
            1.6543 0.274414
            1.64258 0.273926
            1.65332 0.246582
            1.68652 0.594727
            1.66113 0.554932
            1.68457 0.5354
            1.6543 0.553955
            1.64551 0.510986
            1.63574 0.466797
            1.63086 0.404785
            1.62305 0.324219
            1.60938 0.290039
            1.68066 0.60083
            1.6377 0.55835
            1.59863 0.294922
            1.60156 0.309082
            1.6123 0.350098
            1.61621 0.388672
            1.61133 0.427734
            1.61328 0.445312
            1.62891 0.493164
            1.6377 0.530518
            1.61621 0.538818
            1.62402 0.563232
            1.6084 0.549072
            1.61816 0.588379
            1.60449 0.578369
            1.58398 0.543945
            1.59082 0.570068
            1.57617 0.565918
            1.55957 0.566162
            1.56152 0.552734
            1.55078 0.55542
            1.56055 0.547119
            1.58203 0.51001
            1.58691 0.532715
            1.60156 0.483887
            1.60742 0.469238
            1.54199 0.570312
            1.53223 0.572021
            1.50391 0.902893
            1.52246 0.906799
            1.52637 0.904114
            1.50391 0.899109
            1.52539 0.915283
            1.53613 0.916687
            1.47949 0.903809
            1.50391 0.899109
            1.50391 0.899109
            1.47461 0.900696
            1.45508 0.900513
            1.45703 0.911804
            1.46094 0.906494
            1.45508 0.900513
            1.46777 0.911804
            1.46582 0.913574
            1.45508 0.924927
            1.52637 0.904114
            1.52539 0.915283
            1.53613 0.916687
            1.51855 0.925903
            1.50586 0.962494
            1.49316 0.964813
            1.5 0.9832
            1.49219 0.959198
            1.50098 0.956207
            1.49316 0.94989
            1.50293 0.9487
            1.50879 0.925903
            1.51367 0.915222
            1.51367 0.913208
            1.50195 0.910828
            1.48047 0.909973
            1.47852 0.91333
            1.47559 0.959106
            1.47754 0.9664
            1.5 0.9832
            1.48438 0.987
            1.5 0.9832
            1.48438 0.987
            1.46582 0.968796
            1.4668 0.958099
            1.47559 0.950104
            1.46484 0.950012
            1.46387 0.925293
            1.47656 0.924805
            1.5 0.914185
            1.49707 0.925476
            1.45801 0.94931
            1.45996 0.960693
            1.43945 0.9422
            1.43945 0.949005
            1.45508 0.900513
            1.44629 0.923096
            1.94629 0.69165
            1.92773 0.68335
            1.92676 0.712891
            1.95703 0.721191
            1.96582 0.698975
            1.96387 0.73877
            1.92773 0.735107
            1.93945 0.769043
            1.91309 0.775513
            1.95312 0.809937
            1.9209 0.814331
            1.92871 0.857422
            1.88574 0.862793
            1.93555 0.892395
            1.88867 0.897827
            1.89258 0.931885
            1.85156 0.93811
            1.86426 0.969498
            1.83105 0.958099
            1.82227 0.943787
            1.84961 0.902771
            1.84863 0.865234
            1.82227 0.868652
            1.84961 0.824707
            1.88477 0.819946
            1.82129 0.828979
            1.82227 0.906921
            1.81445 0.90863
            1.81641 0.869873
            1.81543 0.832397
            1.82031 0.787598
            1.84961 0.782593
            1.88086 0.779663
            1.87793 0.752197
            1.90527 0.743164
            1.81445 0.922729
            1.8252 0.772217
            1.85059 0.757568
            1.32129 0.309082
            1.30957 0.30957
            1.33008 0.312012
            1.29102 0.303223
            1.32129 0.309082
            1.28711 0.317383
            1.31836 0.333984
            1.29102 0.34668
            1.32031 0.355469
            1.32129 0.309082
            1.29297 0.293945
            1.28027 0.273926
            1.29785 0.374023
            1.32617 0.380371
            1.25586 0.327637
            1.25781 0.297852
            1.25977 0.282227
            1.26855 0.257812
            1.25 0.259277
            1.26074 0.246094
            1.29297 0.293945
            1.29883 0.292969
            1.2627 0.365234
            1.26758 0.40332
            1.21777 0.308594
            1.22559 0.276855
            1.22461 0.257812
            1.24707 0.24707
            1.23145 0.219727
            1.20996 0.225098
            1.19238 0.227539
            1.19824 0.25293
            1.20312 0.270996
            1.1748 0.269531
            1.18066 0.303711
            1.23633 0.43457
            1.19336 0.42334
            1.19922 0.459473
            1.22852 0.400879
            1.22266 0.35791
            1.19922 0.333008
            1.18457 0.325195
            1.16602 0.330566
            1.14551 0.303711
            1.14453 0.353516
            1.11328 0.311523
            1.10938 0.36084
            1.0791 0.32959
            1.07422 0.37207
            1.1123 0.408203
            1.07812 0.414551
            1.16309 0.351074
            1.16895 0.393555
            1.14844 0.399902
            1.20312 0.355469
            1.19824 0.393555
            1.18945 0.401367
            1.18652 0.395996
            1.15527 0.428711
            1.18262 0.390137
            1.18945 0.389648
            1.19727 0.357422
            1.19434 0.339844
            1.18359 0.334473
            1.17285 0.334961
            1.16895 0.350586
            1.1748 0.388672
            1.08691 0.450195
            1.12109 0.441406
            1.16309 0.459961
            1.12988 0.476074
            1.04785 0.45166
            1.09375 0.484863
            1.05371 0.478027
            1.04492 0.482422
            1.06055 0.541016
            1.06934 0.539307
            1.07324 0.587402
            1.08496 0.581787
            1.10742 0.53418
            1.13965 0.529053
            1.1709 0.522461
            1.20508 0.52124
            1.14941 0.581543
            1.17773 0.580811
            1.20996 0.569824
            1.24121 0.533936
            1.24121 0.490234
            1.27246 0.44873
            1.30371 0.408203
            1.33008 0.410645
            1.33301 0.397461
            1.33203 0.355957
            1.34473 0.458008
            1.34863 0.401855
            1.30762 0.502441
            1.33496 0.503174
            1.33398 0.460938
            1.30664 0.45166
            1.33887 0.458008
            1.34375 0.492188
            1.33984 0.490723
            1.34668 0.520508
            1.34668 0.56958
            1.33398 0.567383
            1.30762 0.567383
            1.28125 0.501953
            1.375 0.567383
            1.2832 0.568115
            1.27539 0.540771
            1.27734 0.547852
            1.2832 0.568115
            1.375 0.5271
            1.39258 0.561523
            1.40332 0.55542
            1.40918 0.582275
            1.35938 0.517822
            1.41895 0.540527
            1.41211 0.548828
            1.39941 0.52124
            1.36914 0.493164
            1.35645 0.490723
            1.35742 0.450684
            1.36719 0.402832
            1.35156 0.363281
            1.33789 0.340332
            1.33203 0.342285
            1.33203 0.313477
            1.35059 0.318848
            1.37402 0.321289
            1.37891 0.369141
            1.40332 0.319336
            1.41113 0.350586
            1.44922 0.316895
            1.44531 0.334473
            1.47461 0.318359
            1.47559 0.337891
            1.51562 0.325195
            1.51953 0.379883
            1.55469 0.325684
            1.55859 0.377441
            1.43945 0.307129
            1.33008 0.312012
            1.34961 0.31543
            1.37305 0.317383
            1.38867 0.313965
            1.40918 0.306152
            1.43457 0.296875
            1.44727 0.302734
            1.4707 0.294434
            1.51367 0.286621
            1.55469 0.306641
            1.58105 0.316406
            1.58984 0.345703
            1.59473 0.375488
            1.5498 0.284668
            1.5752 0.27832
            1.46484 0.290527
            1.48145 0.27832
            1.49609 0.272461
            1.53125 0.274902
            1.59863 0.400391
            1.55957 0.416992
            1.59961 0.436523
            1.55762 0.449219
            1.58789 0.475586
            1.55566 0.473633
            1.57422 0.496094
            1.54395 0.512451
            1.5459 0.516113
            1.51465 0.518555
            1.49805 0.543213
            1.4707 0.532471
            1.45898 0.555664
            1.44238 0.514893
            1.4375 0.541504
            1.48047 0.566406
            1.44922 0.475586
            1.48633 0.471191
            1.48535 0.456055
            1.48047 0.512695
            1.46289 0.496094
            1.43848 0.499512
            1.41992 0.510498
            1.33105 0.622803
            1.34375 0.620605
            1.38867 0.589355
            1.41602 0.591797
            1.42969 0.572754
            1.44434 0.58252
            1.46289 0.589844
            1.4873 0.585449
            1.46094 0.606689
            1.47852 0.61792
            1.46191 0.617432
            1.4834 0.626709
            1.45703 0.635254
            1.42285 0.604492
            1.43555 0.599121
            1.41797 0.620117
            1.41211 0.647461
            1.55273 0.533691
            1.51074 0.566406
            1.50879 0.57959
            1.49023 0.621826
            1.49512 0.633301
            1.4834 0.647705
            1.51855 0.584229
            1.47949 0.657471
            1.44922 0.655518
            1.47168 0.671875
            1.46387 0.67749
            1.45117 0.698486
            1.45508 0.696045
            1.44922 0.710449
            1.44336 0.709717
            1.43652 0.711426
            1.42969 0.701904
            1.42676 0.731689
            1.41016 0.704834
            1.43555 0.693115
            1.41016 0.691406
            1.37109 0.694336
            1.33008 0.783813
            1.33105 0.827148
            1.3623 0.820068
            1.36035 0.782715
            1.3623 0.755249
            1.39355 0.770508
            1.36719 0.723633
            1.39258 0.735596
            1.40137 0.711426
            1.41992 0.736816
            1.44727 0.752686
            1.42676 0.760498
            1.45508 0.765869
            1.43262 0.77417
            1.46875 0.79541
            1.44141 0.810913
            1.40527 0.817261
            1.39844 0.740723
            1.39844 0.799561
            1.36914 0.845459
            1.33203 0.845093
            1.29883 0.823608
            1.2998 0.784058
            1.3291 0.751343
            1.33594 0.710205
            1.34375 0.64917
            1.37695 0.663086
            1.37598 0.616211
            1.33887 0.680908
            1.3291 0.648193
            1.30176 0.688721
            1.2998 0.7146
            1.2998 0.750122
            1.26855 0.786743
            1.27344 0.695068
            1.26758 0.719238
            1.26758 0.752441
            1.30664 0.626953
            1.30469 0.652344
            1.27637 0.662354
            1.26562 0.692383
            1.25879 0.714111
            1.26953 0.641602
            1.28223 0.628906
            1.20508 0.71875
            1.21973 0.71875
            1.21973 0.707275
            1.2334 0.715088
            1.23828 0.724121
            1.25098 0.70459
            1.25488 0.69165
            1.26074 0.667969
            1.2627 0.638672
            1.26758 0.626709
            1.24219 0.61792
            1.27637 0.568359
            1.27734 0.547852
            1.23145 0.734619
            1.2373 0.746094
            1.2207 0.727295
            1.18652 0.717529
            1.18262 0.719727
            1.2041 0.72583
            1.21582 0.73877
            1.2168 0.753052
            1.23828 0.78833
            1.21582 0.78418
            1.23926 0.818359
            1.26855 0.821655
            1.24805 0.854126
            1.27246 0.843384
            1.27441 0.862061
            1.30078 0.844604
            1.30078 0.864624
            1.28516 0.897888
            1.30469 0.906311
            1.26758 0.888611
            1.19629 0.777466
            1.33105 0.86499
            1.32812 0.905518
            1.32715 0.920715
            1.30273 0.924316
            1.28125 0.930298
            1.24219 0.922791
            1.25293 0.933594
            1.25879 0.919983
            1.26953 0.940399
            1.2666 0.927185
            1.28516 0.939697
            1.2998 0.940613
            1.33691 0.929626
            1.33789 0.919617
            1.3457 0.895081
            1.36035 0.859741
            1.33398 0.960602
            1.3877 0.873779
            1.37402 0.898926
            1.39355 0.893616
            1.38672 0.907104
            1.26953 0.909729
            1.25195 0.887024
            1.2334 0.908813
            1.24805 0.904724
            1.23047 0.858154
            1.40137 0.927612
            1.40527 0.922302
            1.19629 0.916016
            1.20215 0.921326
            1.22266 0.876099
            1.22559 0.893372
            1.19141 0.907898
            1.16211 0.902893
            1.18652 0.937378
            1.20605 0.927612
            1.20898 0.932312
            1.21484 0.937714
            1.21973 0.941498
            1.21191 0.963989
            1.22461 0.946289
            1.23047 0.950806
            1.24023 0.957611
            1.24902 0.961792
            1.23535 0.95401
            1.24316 0.982895
            1.25879 0.963593
            1.2666 0.966492
            1.17969 0.885925
            1.15039 0.867676
            1.18457 0.894775
            1.17383 0.85144
            1.16016 0.843506
            1.17773 0.875183
            1.18945 0.90271
            1.20996 0.87146
            1.15527 0.837158
            1.12793 0.863159
            1.13672 0.831665
            1.13379 0.830688
            1.10742 0.854126
            1.08301 0.839355
            1.11719 0.822998
            1.12402 0.828857
            1.14746 0.807251
            1.1416 0.835449
            1.14648 0.837646
            1.16211 0.815308
            1.1748 0.827759
            1.20801 0.838379
            1.21875 0.811523
            1.19922 0.801758
            1.17676 0.799316
            1.16309 0.789062
            1.14355 0.778198
            1.13672 0.800415
            1.1123 0.821289
            1.17773 0.783813
            1.15332 0.763306
            1.13477 0.751343
            1.12793 0.767944
            1.1084 0.76001
            1.10156 0.729004
            1.1416 0.729004
            1.08984 0.735107
            1.08203 0.757324
            1.0957 0.691895
            1.08105 0.697998
            1.07129 0.747559
            1.05762 0.754883
            1.06543 0.703613
            1.02637 0.756592
            1.03418 0.798828
            1.03613 0.789917
            1.05371 0.792236
            1.05078 0.787964
            1.0625 0.769775
            1.0752 0.771606
            1.11426 0.77124
            1.12207 0.78418
            1.12891 0.793213
            1.10547 0.817017
            1.0791 0.795532
            1.08203 0.801147
            1.0791 0.788696
            1.07617 0.781982
            1.06152 0.780273
            1.05957 0.821777
            1.08887 0.805542
            1.09375 0.811035
            1.09766 0.811279
            1.25879 0.529541
            1.27246 0.525635
            1.27441 0.500732
            1.25977 0.534912
            1.24023 0.547119
            1.24609 0.553955
            1.21973 0.577637
            1.25781 0.560303
            1.18652 0.593506
            1.1582 0.615967
            1.16699 0.626709
            1.19043 0.602539
            1.20996 0.605713
            1.12695 0.637695
            1.05664 0.662842
            1.06934 0.667969
            1.05859 0.648193
            1.08203 0.648682
            1.07617 0.670166
            1.09082 0.648438
            1.09473 0.674805
            1.10059 0.650391
            1.10742 0.656494
            1.11328 0.615723
            1.12109 0.616211
            1.15723 0.596436
            1.09668 0.613281
            1.05859 0.679688
            1.04102 0.659912
            1.03906 0.644287
            1.05371 0.627441
            1.06445 0.622559
            1.07812 0.624023
            1.07324 0.609131
            1.0918 0.599609
            1.0752 0.597656
            1.09082 0.585449
            1.12012 0.578613
            1.02344 0.654785
            1.12109 0.599854
            1.11914 0.58252
            1.12207 0.598389
            1.01953 0.704834
            1.02246 0.681396
            1.00684 0.677734
            1.00781 0.6521
            1.02637 0.659424
            1.03613 0.676514
            1.05566 0.69043
            1.05664 0.702637
            1.04199 0.72998
            1.06152 0.732178
            1.04395 0.751465
            1.05078 0.765015
            1.03418 0.765503
            1.02148 0.739014
            1.10156 0.677002
            1.125 0.666992
            1.14453 0.645996
            1.18262 0.643555
            1.21094 0.643799
            1.23828 0.638672
            1.14258 0.67749
            1.16504 0.663574
            1.18555 0.649902
            1.17871 0.675293
            1.2041 0.666016
            1.13867 0.704834
            1.1543 0.702148
            1.16016 0.679443
            1.16797 0.680176
            1.17676 0.690674
            1.20215 0.690918
            1.23047 0.689941
            1.23438 0.664551
            1.15918 0.695557
            1.15918 0.695557
            1.18652 0.701416
            1.15918 0.695557
            1.16406 0.693848
            1.19922 0.709229
            1.17578 0.708008
            1.16699 0.697754
            1.16113 0.699707
            1.1709 0.710205
            1.15918 0.695557
            1.12988 0.688721
            1.11523 0.679199
            1.09961 0.691162
            1.11426 0.704834
            1.16699 0.718994
            1.19531 0.735596
            1.20312 0.746338
            1.17773 0.729492
            1.17773 0.757324
            1.20215 0.761353
            1.54102 0.838745
            1.52344 0.861938
            1.55176 0.870117
            1.5127 0.869873
            1.54297 0.878479
            1.49316 0.880798
            1.53027 0.895325
            1.55762 0.904175
            1.56543 0.885498
            1.57031 0.873901
            1.5791 0.847168
            1.58398 0.810791
            1.55566 0.808105
            1.52051 0.821655
            1.58691 0.775269
            1.59277 0.728516
            1.58594 0.733398
            1.56836 0.774658
            1.5293 0.799683
            1.51367 0.789429
            1.50977 0.817749
            1.48438 0.773682
            1.48242 0.7854
            1.45801 0.755859
            1.46875 0.710938
            1.48926 0.734131
            1.49414 0.700439
            1.52539 0.710693
            1.50098 0.673096
            1.5332 0.678711
            1.54492 0.638184
            1.56543 0.683838
            1.55469 0.725098
            1.51855 0.752197
            1.54199 0.765259
            1.60059 0.692627
            1.5752 0.646729
            1.58887 0.603516
            1.55273 0.610596
            1.51367 0.632812
            1.48438 0.669189
            1.60742 0.657227
            1.61523 0.621094
            1.59473 0.598633
            1.58984 0.57666
            1.42773 0.0268555
            1.41211 0.0219727
            1.3916 0.0385742
            1.33691 0.0805664
            1.33105 0.0556641
            1.31641 0.0610352
            1.35742 0.0771484
            1.35059 0.0507812
            1.37793 0.0756836
            1.37305 0.0463867
            1.39453 0.0473633
            1.44434 0.0571289
            1.4541 0.0371094
            1.50098 0.0595703
            1.49707 0.0703125
            1.43945 0.081543
            1.49219 0.0859375
            1.39941 0.0766602
            1.53418 0.118652
            1.54395 0.117188
            1.38477 0.0981445
            1.3623 0.0981445
            1.33984 0.101074
            1.3125 0.0859375
            1.26855 0.0639648
            1.29395 0.0209961
            1.26953 0.0253906
            1.28223 0.00927734
            1.26367 0.0078125
            1.25 0.0551758
            1.24609 0.0424805
            1.2334 0.0507812
            1.21777 0.0585938
            1.22266 0.0493164
            1.31152 0.106934
            1.3418 0.126465
            1.31055 0.128906
            1.28027 0.109375
            1.26074 0.0859375
            1.25293 0.0771484
            1.25781 0.0639648
            1.21387 0.0625
            1.22266 0.0722656
            1.22656 0.0683594
            1.24023 0.0825195
            1.24023 0.0893555
            1.25684 0.114258
            1.27734 0.147949
            1.29688 0.179688
            1.32617 0.158203
            1.34668 0.154785
            1.34961 0.187012
            1.33105 0.186523
            1.33691 0.209473
            1.31445 0.205566
            1.3252 0.223633
            1.33301 0.235352
            1.35449 0.223633
            1.40625 0.101562
            1.39355 0.124512
            1.36914 0.124512
            1.37305 0.152344
            1.37988 0.183105
            1.38965 0.217773
            1.36914 0.257812
            1.34961 0.265625
            1.36328 0.300781
            1.38281 0.294922
            1.41016 0.279297
            1.39746 0.250977
            1.43262 0.242188
            1.40527 0.152344
            1.42285 0.213379
            1.41504 0.180664
            1.45215 0.208984
            1.44238 0.181641
            1.46875 0.182129
            1.43164 0.154785
            1.45898 0.157715
            1.44824 0.130371
            1.49512 0.137695
            1.49414 0.111328
            1.44238 0.106445
            1.41699 0.126465
            1.49805 0.162109
            1.45996 0.233887
            1.47656 0.206543
            1.50195 0.184082
            1.53809 0.165039
            1.53906 0.143066
            1.52832 0.202637
            1.53516 0.185059
            1.4834 0.226562
            1.50391 0.220703
            1.50391 0.20459
            1.51855 0.217285
            1.50391 0.228516
            1.49512 0.234863
            1.46875 0.244629
            1.44336 0.262207
            1.13867 0.904602
            1.1084 0.919312
            1.10742 0.925903
            1.12891 0.942902
            1.09082 0.859009
            1.07715 0.858887
            1.07715 0.862671
            1.10156 0.871582
            1.09277 0.881287
            1.10938 0.877625
            1.10059 0.890015
            1.10449 0.893005
            1.08105 0.893311
            1.10742 0.895874
            1.08301 0.908813
            1.10938 0.902588
            1.1084 0.90979
            1.10938 0.915771
            1.07715 0.922424
            1.10254 0.930725
            1.12891 0.942902
            1.09863 0.936584
            1.0625 0.908997
            1.05273 0.863281
            1.07422 0.87677
            1.06445 0.896118
            1.03809 0.923584
            1.12207 0.874268
            1.0957 0.942596
            1.06543 0.937317
            1.05273 0.953094
            1.08203 0.960205
            1.07812 0.962891
            1.11035 0.973801
            1.08887 0.994499
            1.07227 0.968506
            1.06836 0.971207
            1.08789 0.952606
            1.08496 0.958405
            1.09375 0.946594
            1.5 0.9832
            1.51172 0.979706
            1.37305 0.920898
            1.38281 0.946686
            1.38672 0.940887
            1.35449 0.931519
            1.3584 0.923096
            1.36328 0.950989
            1.3623 0.957092
            1.41797 0.940491
            1.39844 0.931824
            1.3584 0.960785
            1.37695 0.971405
            1.37207 0.948914
            1.37988 0.949097
            1.39453 0.962585
            1.39355 0.935974
            1.34277 0.963898
            1.34863 0.962189
            1.33594 0.990196
            1.31641 0.968796
            1.30957 0.973404
            1.30273 0.972198
            1.30078 0.9972
            1.29688 0.974396
            1.28906 0.969696
            1.28027 0.967896
            1.27246 0.970398
            1.27637 0.992802
            1.43555 0.915894
            1.41504 0.907898
            1.41211 0.914307
            1.40918 0.919128
            1.41113 0.828979
            1.40332 0.858521
            1.40039 0.87738
            1.42578 0.891907
            1.42383 0.898682
            1.4502 0.886902
            1.41992 0.9021
            1.43652 0.857666
            1.44043 0.849609
            1.44141 0.835083
            1.47363 0.826538
            1.47363 0.826538
            1.46387 0.855469
            1.43457 0.864746
            1.43359 0.870605
            1.43359 0.878174
            1.43066 0.882507
            1.42578 0.887207
            1.46387 0.855469
            1.50879 0.947388
            1.51953 0.940796
            1.52832 0.924683
            1.50684 0.958313
            1.51953 0.949097
            1.52832 0.924683
            1.53613 0.916687
            1.46582 0.968796
            1.47461 0.991798
            1.48438 0.987
            1.06055 0.880981
            1.03223 0.889526
            1.05273 0.863281
            1.0332 0.876526
            1.01074 0.889282
            1.03125 0.9104
            1.02051 0.869141
            1.52832 0.0610352
            1.53125 0.0717773
            1.53418 0.0761719
            1.53223 0.0415039
            1.54688 0.0820312
            1.53711 0.0385742
            1.55078 0.0327148
            1.5625 0.0859375
            1.56738 0.0297852
            1.58008 0.0888672
            1.58496 0.0283203
            1.60156 0.0888672
            1.60547 0.0317383
            1.62109 0.0864258
            1.63379 0.090332
            1.625 0.0390625
            1.64062 0.0283203
            1.64746 0.0678711
            1.64648 0.0449219
            1.66406 0.043457
            1.64941 0.0234375
            1.62793 0.0234375
            1.66406 0.0683594
            1.68262 0.0683594
            1.68262 0.0429688
            1.70215 0.0444336
            1.70312 0.0654297
            1.71973 0.0454102
            1.71973 0.0629883
            1.77832 0.913818
            1.76953 0.895081
            1.79102 0.884583
            1.79102 0.838135
            1.7959 0.81543
            1.80371 0.82373
            1.7959 0.847168
            1.80469 0.855103
            1.78613 0.865112
            1.78125 0.8573
            1.75391 0.893188
            1.70996 0.89447
            1.70898 0.876526
            1.74316 0.818115
            1.70801 0.853516
            1.70312 0.828613
            1.70508 0.805542
            1.71582 0.78125
            1.76562 0.795044
            1.70898 0.760498
            1.75488 0.730469
            1.78613 0.773315
            1.80469 0.782349
            1.80664 0.78418
            1.81641 0.754272
            1.80664 0.748779
            1.81543 0.753906
            1.83203 0.733643
            1.83594 0.741699
            1.83789 0.725342
            1.82617 0.723633
            1.78613 0.699707
            1.73633 0.710449
            1.69629 0.723145
            1.71387 0.676758
            1.68066 0.661377
            1.72754 0.643799
            1.72461 0.631104
            1.85547 0.712402
            1.84375 0.709961
            1.83398 0.707764
            1.82129 0.680664
            1.80762 0.670898
            1.76855 0.682861
            1.87305 0.659912
            1.88477 0.653076
            1.88867 0.687012
            1.85742 0.671143
            1.86719 0.702148
            1.84766 0.685303
            1.84375 0.686523
            1.83594 0.686768
            1.8291 0.672852
            1.78711 0.657471
            1.74414 0.655762
            1.79004 0.646484
            1.80371 0.653076
            1.83105 0.666504
            1.87207 0.623535
            1.85156 0.635986
            1.84082 0.605713
            1.8623 0.595703
            1.84766 0.625488
            1.82422 0.642822
            1.82129 0.63208
            1.7959 0.638672
            1.81445 0.612305
            1.80957 0.592041
            1.83398 0.584717
            1.7998 0.547607
            1.81641 0.541016
            1.8457 0.5625
            1.83008 0.536621
            1.88867 0.585938
            1.89844 0.615723
            1.85742 0.559326
            1.84473 0.534668
            1.81055 0.511719
            1.80273 0.521484
            1.78516 0.553467
            1.78516 0.598145
            1.79004 0.618896
            1.79297 0.510498
            1.74805 0.503174
            1.75586 0.532715
            1.74219 0.536133
            1.74805 0.551025
            1.77539 0.542725
            1.77344 0.53125
            1.78711 0.517578
            1.87891 0.553711
            1.91602 0.574707
            1.92383 0.609131
            1.9209 0.621094
            1.90332 0.540039
            1.93652 0.564209
            1.95605 0.584961
            1.96582 0.59375
            1.95801 0.618164
            1.95215 0.62915
            1.91113 0.634766
            1.90234 0.640625
            1.96484 0.56543
            1.95703 0.630859
            1.94727 0.657227
            1.93262 0.661621
            1.92969 0.666748
            1.92969 0.5354
            1.88867 0.501221
            1.94238 0.530029
            1.96973 0.534912
            1.94434 0.510986
            1.97461 0.495117
            1.94629 0.491699
            1.97559 0.431152
            1.94727 0.432129
            1.97266 0.359375
            1.94531 0.364258
            1.96777 0.313965
            1.94141 0.317871
            1.93945 0.276367
            1.91602 0.28125
            1.93848 0.434082
            1.92969 0.366211
            1.91992 0.37207
            1.91406 0.486328
            1.92871 0.47998
            1.94043 0.474121
            1.92871 0.436035
            1.91504 0.38916
            1.90723 0.334473
            1.92383 0.32373
            1.89453 0.293945
            1.85449 0.268066
            1.89844 0.460449
            1.9043 0.490234
            1.91504 0.450195
            1.87598 0.307617
            1.89551 0.34668
            1.91211 0.396973
            1.90039 0.420898
            1.88379 0.433594
            1.86523 0.437012
            1.88672 0.46582
            1.88379 0.390625
            1.86523 0.403809
            1.83008 0.285156
            1.86133 0.320801
            1.88574 0.353027
            1.86816 0.362793
            1.83105 0.346191
            1.84961 0.335938
            1.8291 0.309082
            1.81055 0.283203
            1.8125 0.316895
            2.67773 0.774414
            2.65234 0.752686
            2.63867 0.755737
            2.64258 0.788208
            2.60742 0.777344
            2.62695 0.752075
            2.62891 0.7229
            2.60742 0.777344
            2.60742 0.723389
            2.60742 0.777344
            2.67773 0.774414
            2.67969 0.725342
            2.6543 0.724121
            2.64062 0.722412
            2.62891 0.686523
            2.61719 0.679199
            2.64453 0.685059
            2.64453 0.66626
            2.67188 0.680908
            2.6582 0.688477
            1.60938 0.691406
            1.62988 0.686523
            1.62402 0.669434
            1.6084 0.723389
            1.67871 0.725342
            1.65527 0.724121
            1.65332 0.752686
            1.63867 0.755737
            1.67773 0.774414
            1.64258 0.788208
            1.60645 0.777344
            1.62598 0.752075
            1.62891 0.7229
            1.64453 0.685059
            1.64551 0.66626
            1.66309 0.669922
            1.6582 0.688477
            1.67969 0.690186
            1.6416 0.722412
            2.64453 0.685059
            2.62891 0.686523
            2.62891 0.7229
            2.64062 0.722412
            2.67188 0.680908
            2.64453 0.66626
            2.61719 0.679199
            2.60742 0.723389
            2.60742 0.777344
            2.6543 0.724121
            2.65234 0.752686
            2.67773 0.774414
            2.63867 0.755737
            2.67773 0.774414
            2.64258 0.788208
            2.62695 0.752075
            2.6582 0.688477
            2.67969 0.725342
            2.67773 0.774414
            1.93066 0.0585938
            1.96582 0.0820312
            1.95605 0.0952148
            1.8877 0.158203
            1.91992 0.148926
            1.91406 0.122559
            1.94824 0.125
            1.93164 0.104492
            1.91309 0.0649414
            1.91504 0.0488281
            1.95117 0.0351562
            1.96582 0.0419922
            1.99219 0.0644531
            1.97754 0.0893555
            1.97266 0.0996094
            1.89746 0.197266
            1.92773 0.191406
            1.95508 0.158203
            1.97559 0.143066
            1.98047 0.182129
            1.96191 0.21582
            1.93359 0.232422
            1.96387 0.246094
            1.96582 0.271973
            1.96582 0.282715
            1.89062 0.0712891
            1.87012 0.0546875
            1.89648 0.0537109
            1.875 0.0400391
            1.85156 0.034668
            1.89844 0.043457
            1.91309 0.10498
            1.78711 0.0922852
            1.76855 0.0654297
            1.80176 0.0668945
            1.78613 0.0512695
            1.8125 0.0546875
            1.80566 0.0458984
            1.83398 0.0449219
            1.80371 0.0307617
            1.83594 0.0302734
            1.84766 0.0488281
            1.8623 0.0644531
            1.88086 0.0791016
            1.75781 0.0522461
            1.77734 0.0356445
            1.82031 0.0859375
            1.83105 0.0488281
            1.84668 0.0551758
            1.72266 0.0844727
            1.73438 0.0742188
            1.75293 0.0986328
            1.75781 0.0854492
            1.74023 0.065918
            1.60547 0.112305
            1.63574 0.0957031
            1.65625 0.0952148
            1.68066 0.0952148
            1.69238 0.0966797
            1.70605 0.0917969
            1.75781 0.0522461
            1.17188 0.104492
            1.14941 0.133301
            1.13281 0.121582
            1.10059 0.164062
            1.08887 0.154297
            1.18066 0.106934
            1.19336 0.115723
            1.17383 0.150879
            1.16699 0.145508
            1.11621 0.175781
            1.0791 0.195801
            1.06836 0.192383
            1.0752 0.144531
            1.10156 0.124023
            1.12988 0.100586
            1.13379 0.208496
            1.13184 0.190918
            1.05957 0.293457
            1.09082 0.239258
            1.1084 0.230957
            1.16113 0.214844
            1.19043 0.15918
            1.20508 0.115723
            1.21973 0.0878906
            1.19727 0.0751953
            1.16309 0.0839844
            1.16309 0.0957031
            1.12402 0.0834961
            1.15527 0.0703125
            1.17578 0.0683594
            1.20117 0.0336914
            1.15234 0.0224609
            1.20605 0.0117188
            1.14844 0.0493164
            1.17969 0.0463867
            1.14453 0.0415039
            1.12012 0.0224609
            1.11816 0.0429688
            1.12109 0.0576172
            1.08789 0.0683594
            1.08496 0.103516
            1.03906 0.128906
            1.04199 0.0844727
            1.04785 0.0546875
            1.08789 0.0454102
            1.08984 0.0253906
            1.12207 0.0136719
            1.15137 0.012207
            1.19922 0.00634766
            1.09863 0.012207
            1.0498 0.0131836
            1.04785 0.0283203
            1.01562 0.0234375
            1.00977 0.0620117
            1.00879 0.0795898
            1.00781 0.121582
            1.03906 0.182129
            1.00879 0.173828
            1.03809 0.22998
            1.0127 0.22168
            1.0127 0.250488
            1.01367 0.300293
            1.05762 0.259766
            1.01953 0.00634766
            1.01953 0.450195
            1.00977 0.453613
            1.0127 0.370117
            1.02637 0.367188
            1.07617 0.211426
            1.08594 0.207031
            1.10254 0.206055
            1.10352 0.215332
            1.07422 0.241699
            1.94434 0.959595
            1.98926 0.961792
            1.99023 0.926575
            1.93945 0.927979
            1.90332 0.961609
            1.92188 0.989601
            1.9541 0.993099
            1.99023 0.9967
            1.98535 0.725586
            1.98828 0.706055
            1.9834 0.737793
            1.97949 0.767334
            1.98145 0.805786
            1.9668 0.849365
            1.98535 0.842407
            1.97754 0.889709
            1.98926 0.890076
            1.66699 0.659912
            1.64941 0.657227
            1.6416 0.600098
            1.63379 0.600586
            1.59277 0.865356
            1.5957 0.827637
            1.61914 0.848877
            1.63965 0.813354
            1.66113 0.834351
            1.62109 0.804443
            1.59473 0.797485
            1.62793 0.797119
            1.59473 0.797485
            1.65625 0.803589
            1.67383 0.80188
            1.68066 0.832642
            1.68848 0.864014
            1.68359 0.866943
            1.63965 0.868042
            1.60742 0.876892
            1.57812 0.901611
            1.5957 0.905884
            1.57227 0.918274
            1.58887 0.918823
            1.58789 0.923889
            1.59766 0.932312
            1.60547 0.930115
            1.59277 0.95929
            1.59668 0.962097
            1.57324 0.9814
            1.5791 0.991898
            1.56445 0.977402
            1.56055 0.981003
            1.74609 0.974304
            1.7207 0.949402
            1.73145 0.938904
            1.69336 0.921692
            1.70703 0.906311
            1.66504 0.891479
            1.62012 0.912476
            1.60645 0.966309
            1.60059 0.994202
            1.60938 0.994499
            1.61816 0.973801
            1.63477 0.994801
            1.67188 0.948608
            1.64355 0.926819
            1.64258 0.983902
            1.7002 0.969498
            1.73242 0.987701
            1.78516 0.9776
            1.76074 0.959808
            1.67285 0.993999
            1.73242 0.987701
            1.55371 0.940399
            1.55762 0.943787
            1.54883 0.968994
            1.52344 0.968796
            1.55273 0.988602
            1.55664 0.973099
            1.5625 0.945801
            1.57422 0.923096
            1.75586 0.571289
            1.75 0.573486
            1.77734 0.564941
            1.78125 0.611572
            1.76562 0.626221
            1.76172 0.632812
            1.75781 0.606934
            1.74902 0.612305
            1.74512 0.48291
            1.74414 0.470215
            1.75195 0.467285
            1.10547 0.265137
            1.08789 0.295898
            1.11719 0.286133
            1.14551 0.274414
            1.14551 0.266113
            1.1748 0.24707
            1.15234 0.240723
            1.12891 0.231934
            1.06934 0.324219
            1.05859 0.347656
            1.04785 0.383789
            1.04395 0.424316
            1.04004 0.441895
            1.52344 0.42334
            1.4834 0.42627
            1.52441 0.45459
            1.52441 0.47168
            1.44238 0.449219
            1.43848 0.42041
            1.47949 0.385742
            1.42773 0.477051
            1.4375 0.474609
            1.39941 0.486816
            1.43262 0.447754
            1.43945 0.385254
            1.4043 0.413086
            1.40137 0.445312
            1.36914 0.445801
            1.37305 0.413574
            1.4082 0.384277
            1.37891 0.385254
            0.552246 0.610596
            0.588867 0.603516
            0.575195 0.646729
            0.590332 0.57666
            0.594727 0.598633
            0.615234 0.621094
            0.60791 0.657227
            0.600098 0.692627
            0.52002 0.821655
            0.509766 0.817749
            0.513672 0.789429
            0.529297 0.799683
            0.555176 0.808105
            0.568359 0.774658
            0.586426 0.775269
            0.585938 0.733398
            0.592285 0.728516
            0.56543 0.683838
            0.544434 0.638184
            0.513672 0.632812
            0.500977 0.673096
            0.484619 0.669189
            0.494385 0.700439
            0.468506 0.710938
            0.489502 0.734131
            0.583496 0.810791
            0.518555 0.752197
            0.525879 0.710693
            0.533203 0.678711
            0.554688 0.725098
            0.541992 0.765259
            0.484619 0.773682
            0.48291 0.7854
            0.458252 0.755859
            0.529785 0.895325
            0.49292 0.880798
            0.512695 0.869873
            0.54248 0.878479
            0.557129 0.904175
            0.56543 0.885498
            0.551758 0.870117
            0.570312 0.873901
            0.579102 0.847168
            0.541504 0.838745
            0.522949 0.861938
            0.926758 0.712891
            0.927246 0.68335
            0.946777 0.69165
            0.966309 0.698975
            0.98877 0.706055
            0.985352 0.725586
            0.95752 0.721191
            0.963867 0.73877
            0.927246 0.735107
            0.938965 0.769043
            0.979492 0.767334
            0.953125 0.809937
            0.980957 0.805786
            0.966309 0.849365
            0.928711 0.857422
            0.935059 0.892395
            0.88623 0.862793
            0.888672 0.897827
            0.848633 0.865234
            0.849609 0.902771
            0.822266 0.868652
            0.983398 0.737793
            0.977051 0.889709
            0.989746 0.926575
            0.989258 0.890076
            0.984863 0.842407
            0.821777 0.906921
            0.813965 0.90863
            0.814453 0.922729
            0.822754 0.943787
            0.852051 0.93811
            0.893066 0.931885
            0.938965 0.927979
            0.944824 0.959595
            0.989746 0.961792
            0.953613 0.993099
            0.990234 0.9967
            0.831543 0.958099
            0.864746 0.969498
            0.90332 0.961609
            0.922363 0.989601
            0.849121 0.824707
            0.821777 0.828979
            0.820801 0.787598
            0.81543 0.832397
            0.816406 0.869873
            0.884277 0.819946
            0.920898 0.814331
            0.912598 0.775513
            0.905273 0.743164
            0.87793 0.752197
            0.880371 0.779663
            0.851074 0.757568
            0.849609 0.782593
            0.825195 0.772217
            0.503418 0.899109
            0.503906 0.902893
            0.479736 0.903809
            0.526367 0.904114
            0.522461 0.906799
            0.503418 0.899109
            0.524902 0.915283
            0.526367 0.904114
            0.536133 0.916687
            0.524902 0.915283
            0.518066 0.925903
            0.536133 0.916687
            0.466309 0.958099
            0.459717 0.960693
            0.458008 0.94931
            0.4646 0.950012
            0.455322 0.924927
            0.464355 0.925293
            0.46582 0.913574
            0.479004 0.91333
            0.468018 0.911804
            0.480225 0.909973
            0.501465 0.910828
            0.513672 0.913208
            0.513672 0.915222
            0.508789 0.925903
            0.50293 0.9487
            0.446289 0.923096
            0.454834 0.900513
            0.493164 0.94989
            0.49707 0.925476
            0.5 0.914185
            0.476807 0.924805
            0.47583 0.950104
            0.476074 0.959106
            0.46582 0.968796
            0.477539 0.9664
            0.484375 0.987
            0.492432 0.959198
            0.49292 0.964813
            0.499512 0.9832
            0.500977 0.956207
            0.505859 0.962494
            0.499512 0.9832
            0.499512 0.9832
            0.484375 0.987
            0.484375 0.987
            0.474121 0.991798
            0.51123 0.979706
            0.499512 0.9832
            0.536133 0.916687
            0.52832 0.924683
            0.508789 0.947388
            0.506836 0.958313
            0.52002 0.940796
            0.519043 0.949097
            0.52832 0.924683
            0.438965 0.949005
            0.439453 0.9422
            0.446289 0.923096
            0.460449 0.906494
            0.456543 0.911804
            0.454834 0.900513
            0.474854 0.900696
            0.503418 0.899109
            0.223145 0.0722656
            0.226929 0.0683594
            0.239868 0.0825195
            0.239868 0.0893555
            0.277344 0.147949
            0.25708 0.114258
            0.280273 0.109375
            0.260742 0.0859375
            0.253418 0.0771484
            0.249878 0.0551758
            0.21814 0.0585938
            0.214233 0.0625
            0.222778 0.0493164
            0.233643 0.0507812
            0.246216 0.0424805
            0.263184 0.0078125
            0.297363 0.179688
            0.310547 0.128906
            0.312012 0.106934
            0.3125 0.0859375
            0.268799 0.0639648
            0.257812 0.0639648
            0.269287 0.0253906
            0.281982 0.00927734
            0.293701 0.0209961
            0.315918 0.0610352
            0.325195 0.223633
            0.313965 0.205566
            0.331055 0.186523
            0.326172 0.158203
            0.342285 0.126465
            0.340088 0.101074
            0.337158 0.0805664
            0.331299 0.0556641
            0.357422 0.0771484
            0.350586 0.0507812
            0.377686 0.0756836
            0.372559 0.0463867
            0.394531 0.0473633
            0.391602 0.0385742
            0.427246 0.0268555
            0.412598 0.0219727
            0.362305 0.0981445
            0.368652 0.124512
            0.373047 0.152344
            0.346191 0.154785
            0.349609 0.187012
            0.336914 0.209473
            0.393799 0.124512
            0.405029 0.152344
            0.379883 0.183105
            0.53418 0.118652
            0.492676 0.0859375
            0.544434 0.117188
            0.493896 0.111328
            0.441895 0.106445
            0.447998 0.130371
            0.406494 0.101562
            0.41748 0.126465
            0.431396 0.154785
            0.415283 0.180664
            0.38916 0.217773
            0.35498 0.223633
            0.332764 0.235352
            0.398926 0.0766602
            0.384277 0.0981445
            0.528809 0.202637
            0.504395 0.20459
            0.502441 0.184082
            0.476562 0.206543
            0.468506 0.182129
            0.452637 0.208984
            0.441895 0.181641
            0.458984 0.157715
            0.498291 0.162109
            0.494629 0.137695
            0.539062 0.143066
            0.538086 0.165039
            0.535156 0.185059
            0.504395 0.220703
            0.483643 0.226562
            0.460205 0.233887
            0.42334 0.213379
            0.432617 0.242188
            0.397705 0.250977
            0.368896 0.257812
            0.383301 0.294922
            0.362793 0.300781
            0.349609 0.265625
            0.4104 0.279297
            0.443359 0.262207
            0.46875 0.244629
            0.495361 0.234863
            0.504395 0.228516
            0.518066 0.217285
            0.107483 0.925903
            0.138306 0.904602
            0.12915 0.942902
            0.108582 0.919312
            0.0908203 0.859009
            0.0772705 0.862671
            0.0772095 0.858887
            0.101379 0.871582
            0.0927734 0.881287
            0.10968 0.877625
            0.100586 0.890015
            0.104675 0.893005
            0.0806885 0.893311
            0.107178 0.895874
            0.083374 0.908813
            0.10968 0.902588
            0.108215 0.90979
            0.10907 0.915771
            0.0767822 0.922424
            0.102722 0.930725
            0.12915 0.942902
            0.0523987 0.863281
            0.0621948 0.908997
            0.0983887 0.936584
            0.0383911 0.923584
            0.0646973 0.896118
            0.074707 0.87677
            0.0523987 0.863281
            0.0308075 0.9104
            0.0110016 0.889282
            0.0200958 0.869141
            0.0335083 0.876526
            0.0317993 0.889526
            0.060791 0.880981
            0.0335083 0.876526
            0.0958252 0.942596
            0.0656738 0.937317
            0.052887 0.953094
            0.0820923 0.960205
            0.0786133 0.962891
            0.109985 0.973801
            0.0889282 0.994499
            0.0723267 0.968506
            0.0687256 0.971207
            0.0847778 0.958405
            0.0880737 0.952606
            0.0933838 0.946594
            0.121826 0.874268
            0.247803 0.904724
            0.233398 0.908813
            0.22583 0.893372
            0.201782 0.921326
            0.205933 0.927612
            0.162354 0.902893
            0.184448 0.894775
            0.188965 0.90271
            0.19104 0.907898
            0.196045 0.916016
            0.186401 0.937378
            0.208862 0.932312
            0.241943 0.922791
            0.259033 0.919983
            0.252197 0.887024
            0.269043 0.909729
            0.26709 0.888611
            0.284668 0.897888
            0.247803 0.854126
            0.252686 0.933594
            0.268799 0.821655
            0.272705 0.843384
            0.239258 0.818359
            0.230713 0.858154
            0.222534 0.876099
            0.209717 0.87146
            0.178223 0.875183
            0.179565 0.885925
            0.219482 0.71875
            0.220581 0.727295
            0.203735 0.72583
            0.238037 0.724121
            0.231445 0.734619
            0.237427 0.746094
            0.217163 0.753052
            0.238281 0.78833
            0.215576 0.78418
            0.219238 0.811523
            0.20813 0.838379
            0.173706 0.85144
            0.150635 0.867676
            0.15979 0.843506
            0.174438 0.827759
            0.199219 0.801758
            0.135254 0.751343
            0.141968 0.729004
            0.153198 0.763306
            0.143921 0.778198
            0.162598 0.789062
            0.147461 0.807251
            0.162354 0.815308
            0.146606 0.837646
            0.155151 0.837158
            0.128418 0.863159
            0.176758 0.799316
            0.196045 0.777466
            0.202515 0.761353
            0.202881 0.746338
            0.178223 0.783813
            0.177856 0.757324
            0.133423 0.830688
            0.136963 0.831665
            0.0935059 0.811035
            0.097229 0.811279
            0.0831909 0.839355
            0.105591 0.817017
            0.128784 0.793213
            0.136353 0.800415
            0.124207 0.828857
            0.107117 0.854126
            0.141479 0.835449
            0.116699 0.822998
            0.112122 0.821289
            0.0717163 0.747559
            0.09021 0.735107
            0.0822144 0.757324
            0.0574951 0.754883
            0.0626831 0.769775
            0.0535889 0.792236
            0.0610962 0.780273
            0.0759888 0.781982
            0.0748291 0.771606
            0.113892 0.77124
            0.108215 0.76001
            0.127441 0.767944
            0.121704 0.78418
            0.088501 0.805542
            0.0592041 0.821777
            0.101685 0.729004
            0.0792236 0.795532
            0.0819092 0.801147
            0.0792236 0.788696
            0.0584106 0.648193
            0.0570068 0.662842
            0.0407104 0.659912
            0.069397 0.667969
            0.0588989 0.679688
            0.0761108 0.670166
            0.0942993 0.674805
            0.0908203 0.648438
            0.100708 0.650391
            0.11322 0.615723
            0.1073 0.656494
            0.101685 0.677002
            0.0953979 0.691895
            0.0996094 0.691162
            0.11438 0.704834
            0.0814209 0.697998
            0.0651855 0.703613
            0.0557861 0.69043
            0.0562134 0.702637
            0.0220032 0.681396
            0.019104 0.704834
            0.0419922 0.72998
            0.0617981 0.732178
            0.0439148 0.751465
            0.050293 0.765015
            0.0505981 0.787964
            0.0336914 0.765503
            0.0365906 0.789917
            0.026001 0.756592
            0.0336914 0.798828
            0.0213013 0.739014
            0.00650024 0.677734
            0.0231934 0.654785
            0.00810242 0.6521
            0.0364075 0.676514
            0.0267944 0.659424
            0.0392151 0.644287
            0.0539856 0.627441
            0.0646973 0.622559
            0.0819092 0.648682
            0.0786133 0.624023
            0.0961914 0.613281
            0.0734863 0.609131
            0.0917969 0.599609
            0.0751953 0.597656
            0.0908203 0.585449
            0.121216 0.599854
            0.119385 0.58252
            0.127441 0.637695
            0.125 0.666992
            0.115417 0.679199
            0.129761 0.688721
            0.138794 0.704834
            0.142578 0.67749
            0.144653 0.645996
            0.165527 0.663574
            0.177734 0.729492
            0.167358 0.718994
            0.154663 0.702148
            0.171021 0.710205
            0.161011 0.699707
            0.166626 0.697754
            0.163696 0.693848
            0.176758 0.690674
            0.167847 0.680176
            0.178589 0.675293
            0.1604 0.679443
            0.15918 0.695557
            0.15918 0.695557
            0.15918 0.695557
            0.15918 0.695557
            0.186646 0.701416
            0.175659 0.708008
            0.182495 0.719727
            0.195557 0.735596
            0.215942 0.73877
            0.182617 0.643555
            0.185425 0.649902
            0.204224 0.666016
            0.201782 0.690918
            0.199463 0.709229
            0.186157 0.717529
            0.205078 0.71875
            0.230591 0.689941
            0.219604 0.707275
            0.233032 0.715088
            0.250732 0.70459
            0.267578 0.752441
            0.268066 0.719238
            0.258545 0.714111
            0.254639 0.69165
            0.234131 0.664551
            0.210449 0.643799
            0.238647 0.638672
            0.260498 0.667969
            0.265381 0.692383
            0.273682 0.695068
            0.268799 0.786743
            0.299561 0.750122
            0.299805 0.7146
            0.302002 0.688721
            0.274414 0.862061
            0.300537 0.844604
            0.299316 0.823608
            0.299316 0.784058
            0.329102 0.751343
            0.336182 0.710205
            0.338623 0.680908
            0.343994 0.64917
            0.410156 0.704834
            0.401367 0.711426
            0.370605 0.694336
            0.392578 0.735596
            0.366943 0.723633
            0.376953 0.663086
            0.443359 0.709717
            0.436279 0.711426
            0.429199 0.701904
            0.427246 0.731689
            0.419922 0.736816
            0.398682 0.740723
            0.393311 0.770508
            0.362549 0.755249
            0.329834 0.783813
            0.331055 0.827148
            0.332031 0.845093
            0.427002 0.760498
            0.447021 0.752686
            0.362061 0.820068
            0.360596 0.782715
            0.398193 0.799561
            0.368652 0.845459
            0.360596 0.859741
            0.331055 0.86499
            0.345703 0.895081
            0.327881 0.905518
            0.338379 0.919617
            0.327393 0.920715
            0.304443 0.906311
            0.300293 0.864624
            0.387451 0.873779
            0.403809 0.858521
            0.399902 0.87738
            0.302979 0.924316
            0.336426 0.929626
            0.358154 0.923096
            0.373779 0.898926
            0.393799 0.893616
            0.425781 0.891907
            0.426025 0.887207
            0.449951 0.886902
            0.430176 0.882507
            0.348633 0.962189
            0.343018 0.963898
            0.376709 0.971405
            0.358154 0.960785
            0.354492 0.931519
            0.372803 0.920898
            0.38623 0.907104
            0.412109 0.914307
            0.415039 0.907898
            0.435791 0.915894
            0.419678 0.9021
            0.423584 0.898682
            0.382568 0.946686
            0.386475 0.940887
            0.362061 0.957092
            0.363037 0.950989
            0.371582 0.948914
            0.379395 0.949097
            0.39502 0.962585
            0.393066 0.935974
            0.398682 0.931824
            0.401611 0.927612
            0.405762 0.922302
            0.417969 0.940491
            0.409424 0.919128
            0.234985 0.95401
            0.212402 0.963989
            0.22998 0.950806
            0.240479 0.957611
            0.242798 0.982895
            0.249268 0.961792
            0.269043 0.940399
            0.266357 0.927185
            0.281494 0.930298
            0.299805 0.940613
            0.334229 0.960602
            0.335693 0.990196
            0.266602 0.966492
            0.272705 0.970398
            0.259277 0.963593
            0.276367 0.992802
            0.280518 0.967896
            0.2854 0.939697
            0.289307 0.969696
            0.296875 0.974396
            0.301025 0.9972
            0.302979 0.972198
            0.309814 0.973404
            0.31665 0.968796
            0.214844 0.937714
            0.219482 0.941498
            0.224854 0.946289
            0.722656 0.562012
            0.733887 0.557861
            0.717285 0.547119
            0.720215 0.564209
            0.696289 0.529053
            0.702148 0.526611
            0.734375 0.51709
            0.725586 0.494629
            0.749512 0.612305
            0.728027 0.643799
            0.744141 0.655762
            0.724609 0.631104
            0.741211 0.611084
            0.758301 0.606934
            0.75 0.573486
            0.748047 0.551025
            0.741699 0.536133
            0.748047 0.503174
            0.744629 0.48291
            0.71582 0.47168
            0.744629 0.470215
            0.748047 0.44873
            0.751953 0.467285
            0.759766 0.465332
            0.708984 0.447754
            0.755371 0.532715
            0.765625 0.626221
            0.78125 0.611572
            0.785645 0.598145
            0.789551 0.618896
            0.790039 0.646484
            0.761719 0.632812
            0.787598 0.657471
            0.803711 0.653076
            0.795898 0.638672
            0.820801 0.63208
            0.814941 0.612305
            0.84082 0.605713
            0.847656 0.625488
            0.87207 0.623535
            0.851562 0.635986
            0.857422 0.671143
            0.873047 0.659912
            0.824707 0.642822
            0.830566 0.666504
            0.828613 0.672852
            0.835938 0.686768
            0.84375 0.686523
            0.847168 0.685303
            0.888184 0.687012
            0.884277 0.653076
            0.866699 0.702148
            0.855469 0.712402
            0.843262 0.709961
            0.834473 0.707764
            0.821289 0.680664
            0.807129 0.670898
            0.768066 0.682861
            0.736328 0.710449
            0.713379 0.676758
            0.786133 0.699707
            0.825684 0.723633
            0.837891 0.725342
            0.836426 0.741699
            0.832031 0.733643
            0.816406 0.754272
            0.81543 0.753906
            0.806641 0.748779
            0.754395 0.730469
            0.708984 0.760498
            0.696289 0.723145
            0.680664 0.661377
            0.680664 0.60083
            0.686523 0.594727
            0.714844 0.568115
            0.641602 0.600098
            0.649902 0.657227
            0.666992 0.659912
            0.804688 0.782349
            0.785645 0.773315
            0.765625 0.795044
            0.716309 0.78125
            0.743164 0.818115
            0.705078 0.805542
            0.703613 0.828613
            0.708008 0.853516
            0.709473 0.876526
            0.780762 0.8573
            0.709961 0.89447
            0.754395 0.893188
            0.769531 0.895081
            0.791016 0.838135
            0.79541 0.847168
            0.786133 0.865112
            0.791016 0.884583
            0.804688 0.855103
            0.803711 0.82373
            0.795898 0.81543
            0.806152 0.78418
            0.77832 0.913818
            0.434326 0.864746
            0.463379 0.855469
            0.433594 0.870605
            0.463379 0.855469
            0.433838 0.878174
            0.437012 0.857666
            0.440186 0.849609
            0.473633 0.826538
            0.44165 0.835083
            0.410645 0.828979
            0.405518 0.817261
            0.432617 0.77417
            0.44165 0.810913
            0.473633 0.826538
            0.469238 0.79541
            0.45459 0.765869
            0.624512 0.0390625
            0.62793 0.0234375
            0.640625 0.0283203
            0.649414 0.0234375
            0.719727 0.0454102
            0.719727 0.0629883
            0.703125 0.0654297
            0.70166 0.0444336
            0.683105 0.0683594
            0.683105 0.0429688
            0.663574 0.043457
            0.664062 0.0683594
            0.646973 0.0678711
            0.646484 0.0449219
            0.633789 0.090332
            0.605469 0.0317383
            0.620605 0.0864258
            0.601562 0.0888672
            0.584961 0.0283203
            0.580078 0.0888672
            0.566895 0.0297852
            0.5625 0.0859375
            0.550781 0.0327148
            0.547363 0.0820312
            0.536621 0.0385742
            0.532715 0.0415039
            0.534668 0.0761719
            0.52832 0.0610352
            0.530762 0.0717773
            1.67871 0.725342
            1.67773 0.774414
            1.65332 0.752686
            1.65527 0.724121
            1.63867 0.755737
            1.6416 0.722412
            1.62891 0.7229
            1.62988 0.686523
            1.6084 0.723389
            1.61719 0.679199
            1.64453 0.685059
            1.64551 0.66626
            1.67285 0.680908
            1.6582 0.688477
            1.60645 0.777344
            1.62598 0.752075
            1.60645 0.777344
            1.60645 0.777344
            1.64258 0.788208
            1.67773 0.774414
            0.678711 0.725342
            0.677734 0.774414
            0.65332 0.752686
            0.63916 0.755737
            0.64209 0.788208
            0.606934 0.777344
            0.626465 0.752075
            0.60791 0.723389
            0.628906 0.7229
            0.629883 0.686523
            0.644531 0.685059
            0.623535 0.669434
            0.645508 0.66626
            0.662598 0.669922
            0.657715 0.688477
            0.679688 0.690186
            0.655273 0.724121
            0.641602 0.722412
            0.608887 0.691406
            1.65527 0.724121
            1.67871 0.725342
            1.67773 0.774414
            1.6582 0.688477
            1.64453 0.685059
            1.67285 0.680908
            1.64551 0.66626
            1.61719 0.679199
            1.62988 0.686523
            1.6084 0.723389
            1.62891 0.7229
            1.60645 0.777344
            1.62598 0.752075
            1.63867 0.755737
            1.6416 0.722412
            1.65332 0.752686
            1.67773 0.774414
            1.64258 0.788208
            1.67773 0.774414
            0.619629 0.172852
            0.632324 0.149414
            0.59668 0.150391
            0.588867 0.177734
            0.585938 0.199219
            0.605469 0.112305
            0.609863 0.120605
            0.633789 0.109863
            0.630859 0.125977
            0.645996 0.131348
            0.611328 0.129395
            0.63623 0.0957031
            0.605469 0.112305
            0.653809 0.110352
            0.655273 0.141113
            0.650391 0.168457
            0.606445 0.199219
            0.587402 0.21582
            0.559082 0.238281
            0.588867 0.231934
            0.581543 0.271973
            0.616211 0.226074
            0.649902 0.197754
            0.649414 0.239258
            0.650391 0.224609
            0.688477 0.233887
            0.686035 0.206055
            0.681641 0.178223
            0.712402 0.178223
            0.677734 0.251465
            0.722168 0.0844727
            0.706055 0.0917969
            0.718262 0.117676
            0.695801 0.124023
            0.703125 0.157715
            0.678223 0.155762
            0.673828 0.142578
            0.677246 0.117676
            0.656738 0.0952148
            0.692383 0.0966797
            0.680176 0.0952148
            0.731445 0.15332
            0.739746 0.17334
            0.747559 0.145996
            0.734375 0.110352
            0.753418 0.0986328
            0.733887 0.0742188
            0.757812 0.0854492
            0.739746 0.065918
            0.769043 0.0654297
            0.758301 0.0522461
            0.765137 0.0966797
            0.770996 0.133789
            0.755859 0.166504
            0.692871 0.352539
            0.68457 0.308105
            0.657227 0.326172
            0.678223 0.270996
            0.70459 0.26709
            0.717285 0.246582
            0.73291 0.229492
            0.722656 0.203613
            0.749512 0.197266
            0.766113 0.189941
            0.779785 0.149902
            0.80127 0.11084
            0.759277 0.220215
            0.75 0.255859
            0.886719 0.130371
            0.883301 0.0996094
            0.855957 0.105957
            0.849609 0.150879
            0.822266 0.137207
            0.814453 0.178223
            0.789551 0.16748
            0.800293 0.188965
            0.775391 0.211914
            0.77002 0.242188
            0.750977 0.256348
            0.746094 0.280273
            0.711426 0.286133
            0.722656 0.317871
            0.727539 0.365723
            0.758301 0.315918
            0.853516 0.175293
            0.763672 0.286621
            0.772949 0.307129
            0.854492 0.268066
            0.834961 0.228516
            0.800781 0.255859
            0.798828 0.205566
            0.781738 0.228027
            0.781738 0.266113
            0.769531 0.275391
            0.784668 0.302246
            0.786621 0.342285
            0.766602 0.353027
            0.73291 0.394043
            0.740234 0.422852
            0.772461 0.387695
            0.795898 0.374023
            0.819824 0.194336
            0.848145 0.375
            0.830566 0.346191
            0.8125 0.36084
            0.867676 0.362793
            0.849609 0.335938
            0.885742 0.353027
            0.86084 0.320801
            0.829102 0.309082
            0.82959 0.285156
            0.810547 0.283203
            0.791016 0.260742
            0.795898 0.290527
            0.79834 0.330078
            0.8125 0.316895
            0.875977 0.307617
            0.895508 0.34668
            0.912109 0.396973
            0.884277 0.390625
            0.865234 0.403809
            0.847656 0.414551
            0.865723 0.437012
            0.859375 0.441895
            0.887207 0.46582
            0.898926 0.460449
            0.904785 0.490234
            0.913574 0.486328
            0.929199 0.47998
            0.827148 0.386719
            0.842285 0.418945
            0.777832 0.421387
            0.804199 0.403809
            0.836914 0.424805
            0.851074 0.451172
            0.875977 0.474121
            0.888672 0.501221
            0.929688 0.5354
            0.941895 0.530029
            0.944824 0.510986
            0.969727 0.534912
            0.974121 0.495117
            0.965332 0.56543
            0.937012 0.564209
            0.90332 0.540039
            0.868164 0.51416
            0.859863 0.48291
            0.844238 0.458008
            0.813965 0.438965
            0.782715 0.457031
            0.956543 0.584961
            0.69873 0.394531
            0.703125 0.421387
            0.768555 0.475098
            0.790527 0.485352
            0.82373 0.471191
            0.849121 0.48877
            0.68457 0.530518
            0.67627 0.499023
            0.691406 0.508789
            0.682129 0.487305
            0.675293 0.463867
            0.669922 0.438477
            0.666992 0.412109
            0.663086 0.375977
            0.642578 0.273926
            0.653809 0.274414
            0.653809 0.246582
            0.644531 0.328125
            0.658691 0.397461
            0.665039 0.455566
            0.609375 0.290039
            0.622559 0.324219
            0.630371 0.404785
            0.63623 0.466797
            0.645508 0.510986
            0.654297 0.553955
            0.68457 0.5354
            0.661621 0.554932
            0.637695 0.55835
            0.624512 0.563232
            0.634277 0.600586
            0.618164 0.588379
            0.598633 0.294922
            0.601074 0.309082
            0.612793 0.350098
            0.616211 0.388672
            0.611816 0.427734
            0.613281 0.445312
            0.628418 0.493164
            0.637695 0.530518
            0.616211 0.538818
            0.608887 0.549072
            0.604492 0.578369
            0.584473 0.543945
            0.59082 0.570068
            0.576172 0.565918
            0.55957 0.566162
            0.562012 0.552734
            0.550781 0.55542
            0.560547 0.547119
            0.582031 0.51001
            0.586426 0.532715
            0.601562 0.483887
            0.60791 0.469238
            0.532227 0.572021
            0.541992 0.570312
            0.513184 0.23877
            0.509277 0.257324
            0.529297 0.262207
            0.533203 0.23877
            0.555176 0.26709
            0.840332 0.097168
            0.880859 0.0791016
            0.862305 0.0644531
            0.812012 0.124023
            0.820312 0.0859375
            0.84668 0.0551758
            0.847168 0.0488281
            0.830566 0.0488281
            0.833984 0.0449219
            0.812012 0.0546875
            0.801758 0.0668945
            0.787598 0.0922852
            0.786133 0.0512695
            0.805664 0.0458984
            0.803711 0.0307617
            0.836426 0.0302734
            0.852051 0.034668
            0.870117 0.0546875
            0.891113 0.0712891
            0.913574 0.10498
            0.777344 0.0356445
            0.758301 0.0522461
            0.913574 0.0649414
            0.931641 0.104492
            0.914551 0.122559
            0.931152 0.0585938
            0.956055 0.0952148
            0.948242 0.125
            0.919922 0.148926
            0.887695 0.158203
            0.865234 0.210938
            0.906738 0.238281
            0.897461 0.197266
            0.927734 0.191406
            0.955566 0.158203
            0.975586 0.143066
            0.972656 0.0996094
            0.96582 0.0820312
            0.966309 0.0419922
            0.95166 0.0351562
            0.915039 0.0488281
            0.896484 0.0537109
            0.875 0.0400391
            0.897949 0.043457
            0.992188 0.0644531
            0.977539 0.0893555
            0.934082 0.232422
            0.963867 0.246094
            0.961426 0.21582
            0.97998 0.182129
            0.967285 0.313965
            0.96582 0.282715
            0.939941 0.276367
            0.96582 0.271973
            0.946289 0.491699
            0.975586 0.431152
            0.947266 0.432129
            0.972168 0.359375
            0.944824 0.364258
            0.941895 0.317871
            0.916016 0.28125
            0.879395 0.251953
            0.938965 0.434082
            0.929688 0.366211
            0.923828 0.32373
            0.907715 0.334473
            0.919922 0.37207
            0.915039 0.38916
            0.894531 0.293945
            0.94043 0.474121
            0.928223 0.436035
            0.883789 0.433594
            0.915039 0.450195
            0.900391 0.420898
            0.929688 0.666748
            0.901855 0.640625
            0.911133 0.634766
            0.932129 0.661621
            0.952148 0.62915
            0.946777 0.657227
            0.957031 0.630859
            0.85498 0.526611
            0.878906 0.553711
            0.916016 0.574707
            0.923828 0.609131
            0.966309 0.59375
            0.95752 0.618164
            0.92041 0.621094
            0.898438 0.615723
            0.888672 0.585938
            0.85791 0.559326
            0.862305 0.595703
            0.785156 0.553467
            0.799805 0.547607
            0.802734 0.521484
            0.792969 0.510498
            0.810059 0.511719
            0.833008 0.499512
            0.845215 0.534668
            0.845703 0.5625
            0.833984 0.584717
            0.80957 0.592041
            0.830566 0.536621
            0.816406 0.541016
            0.777832 0.564941
            0.756348 0.571289
            0.775391 0.542725
            0.773438 0.53125
            0.787109 0.517578
            0.777344 0.492188
            0.088623 0.154297
            0.101013 0.164062
            0.132446 0.121582
            0.14978 0.133301
            0.171753 0.104492
            0.129761 0.100586
            0.101929 0.124023
            0.0748901 0.144531
            0.0684204 0.192383
            0.0791016 0.195801
            0.116272 0.175781
            0.166992 0.145508
            0.180542 0.106934
            0.174316 0.150879
            0.193481 0.115723
            0.131958 0.190918
            0.133423 0.208496
            0.21936 0.0878906
            0.197144 0.0751953
            0.163086 0.0839844
            0.163452 0.0957031
            0.123779 0.0834961
            0.0844727 0.103516
            0.0393066 0.128906
            0.0386047 0.182129
            0.0759888 0.211426
            0.0856934 0.207031
            0.120728 0.0576172
            0.0877075 0.0683594
            0.0422974 0.0844727
            0.0480957 0.0546875
            0.176147 0.0683594
            0.201538 0.0336914
            0.155151 0.0703125
            0.148315 0.0493164
            0.118591 0.0429688
            0.0881958 0.0454102
            0.0897217 0.0253906
            0.0481873 0.0283203
            0.144043 0.0415039
            0.179565 0.0463867
            0.120605 0.0224609
            0.151978 0.0224609
            0.122009 0.0136719
            0.098999 0.012207
            0.0497131 0.0131836
            0.0195007 0.00634766
            0.0158997 0.0234375
            0.0102005 0.0620117
            0.00910187 0.0795898
            0.206299 0.0117188
            0.151855 0.012207
            0.199219 0.00634766
            0.00740051 0.121582
            0.00900269 0.173828
            0.0379028 0.22998
            0.0126038 0.22168
            0.0127029 0.250488
            0.0140991 0.300293
            0.0578918 0.259766
            0.0598145 0.293457
            0.0908813 0.239258
            0.108215 0.230957
            0.161133 0.214844
            0.190063 0.15918
            0.20459 0.115723
            0.102783 0.206055
            0.103271 0.215332
            0.0739136 0.241699
            0.376221 0.616211
            0.418213 0.620117
            0.412354 0.647461
            0.422852 0.604492
            0.461914 0.617432
            0.457031 0.635254
            0.448975 0.655518
            0.409668 0.691406
            0.435303 0.693115
            0.450684 0.698486
            0.479492 0.657471
            0.471924 0.671875
            0.463379 0.67749
            0.455322 0.696045
            0.449219 0.710449
            0.60498 0.930115
            0.598145 0.932312
            0.592773 0.95929
            0.564453 0.977402
            0.560059 0.981003
            0.579102 0.991898
            0.573242 0.9814
            0.596191 0.962097
            0.592773 0.95929
            0.605957 0.966309
            0.620117 0.912476
            0.588867 0.918823
            0.587891 0.923889
            0.600098 0.994202
            0.609375 0.994499
            0.595215 0.827637
            0.621094 0.804443
            0.594238 0.797485
            0.639648 0.813354
            0.619141 0.848877
            0.661133 0.834351
            0.63916 0.868042
            0.607422 0.876892
            0.595703 0.905884
            0.572754 0.918274
            0.574219 0.923096
            0.557617 0.943787
            0.5625 0.945801
            0.54834 0.968994
            0.557129 0.973099
            0.552734 0.988602
            0.523926 0.968796
            0.553223 0.940399
            0.578125 0.901611
            0.592773 0.865356
            0.643066 0.926819
            0.618164 0.973801
            0.643066 0.983902
            0.671875 0.948608
            0.699707 0.969498
            0.62793 0.797119
            0.594238 0.797485
            0.655762 0.803589
            0.674316 0.80188
            0.680664 0.832642
            0.688477 0.864014
            0.683105 0.866943
            0.665039 0.891479
            0.635254 0.994801
            0.672852 0.993999
            0.73291 0.987701
            0.692871 0.921692
            0.720703 0.949402
            0.731934 0.938904
            0.746094 0.974304
            0.760742 0.959808
            0.785156 0.9776
            0.73291 0.987701
            0.706543 0.906311
            0.0263062 0.367188
            0.0130997 0.370117
            0.0193024 0.450195
            0.00969696 0.453613
            0.439697 0.081543
            0.496826 0.0703125
            0.444092 0.0571289
            0.500977 0.0595703
            0.453613 0.0371094
          }
